# Stacking Problem - 20_1000_0011_v2
# instance metadata
#                 seed = 302
#             ddensity = 5
#            generator = generate
#            min_delay = 1
#             rdensity = 0.5
#            max_delay = 20
str name   := 20_1000_0011_v2
int width  := 20
int height := 1000
int items  := 1000
--- end of header ---
    # item    release        due
         0       1018       1439
         1        471       1808
         2       1736       1900
         3       1363       1532
         4       1493       1518
         5       1048       1634
         6        801       1908
         7       1239       1251
         8       1052       1067
         9       1073       1707
        10        377       1564
        11         97       1532
        12         52       1979
        13        329       1935
        14        790       1547
        15       1698       1716
        16        801       1851
        17        305       1133
        18        215       1487
        19       1611       1720
        20        552       1378
        21        813       1822
        22       1144       1735
        23        350       1858
        24        604       1353
        25        170       1857
        26        276       1636
        27        188       1782
        28       1693       1707
        29       1020       1569
        30       1319       1329
        31        744       1590
        32       1662       1682
        33        173       1584
        34        391       1698
        35       1396       1728
        36       1440       1895
        37        971       1972
        38        390       1291
        39        561       1522
        40       1688       1728
        41       1561       1765
        42       1386       1694
        43        891       1908
        44        726       2001
        45       1377       1910
        46        760       1427
        47        615       1808
        48       1241       1457
        49        460       1993
        50        845       1642
        51        857       1728
        52       1324       2010
        53        952       1532
        54       1592       1601
        55        461       1059
        56       1369       1777
        57       1372       1547
        58        452       1859
        59        441       1662
        60        289       1911
        61        478       1808
        62        894       1982
        63       1118       1123
        64       1643       1650
        65       1014       1915
        66       1447       1717
        67       1159       1794
        68       1679       1836
        69       1857       1866
        70       1841       1850
        71       1128       1976
        72        207       1961
        73        418       1765
        74        101       1660
        75        123       1436
        76        823       1465
        77        803        813
        78        856       1755
        79       1986       1993
        80       1307       1781
        81       1367       1574
        82        203       1457
        83       1729       1783
        84        507       1906
        85          2        939
        86        585       1886
        87       1711       1720
        88        421       1329
        89        870        887
        90        439       1790
        91        783        887
        92        782       1569
        93       1997       2005
        94        339       1782
        95        104       1910
        96       1712       1717
        97       1505       2003
        98       1247       1660
        99       1295       1852
       100       1036       1564
       101       1494       1852
       102        681       1735
       103       1372       1662
       104       1826       1844
       105        729       1510
       106        751       1972
       107        674       1547
       108       1206       1634
       109       1811       1820
       110        714       1717
       111        607       1168
       112       1403       1439
       113       1896       1915
       114       1811       1822
       115       1951       1961
       116        195       1942
       117        882       1986
       118        252       1642
       119        625        637
       120        102       1510
       121       1099       1109
       122       1564       1584
       123        188       1917
       124       1131       1640
       125        150       1033
       126       1647       1816
       127        143       1408
       128        533       1646
       129       1315       1836
       130        582       1193
       131        878       1584
       132       1318       1660
       133       1494       1906
       134       1469       1488
       135        632       1646
       136       1124       1353
       137       1951       1970
       138       1939       1942
       139         22       1439
       140        893       1915
       141        176       1636
       142          4       1487
       143        383       1986
       144        337       2001
       145        461       1427
       146       1381       1400
       147        811       1850
       148        598       1852
       149       1428       1634
       150       1467       1957
       151       1352       1662
       152       1697       1698
       153        499       1362
       154       1148       1902
       155       1427       1434
       156       1026       1569
       157       1160       1504
       158       1643       1859
       159        702       1661
       160        893       1302
       161       1091       1517
       162         97       1910
       163       1749       1886
       164       1714       1717
       165       1908       1917
       166        521       1633
       167       1648       1660
       168       1094       2010
       169       1820       1855
       170       1349       1362
       171       1461       1820
       172        889       1634
       173       1611       1725
       174        379       1378
       175       1456       1457
       176       1588       2003
       177       1345       1522
       178       1062       1117
       179       1097       1266
       180        835       1329
       181       1947       1966
       182       1285       1522
       183        433       1886
       184        164       1987
       185       1967       1986
       186        817       1910
       187         98       1661
       188        287       2003
       189       1240       1436
       190        803       1942
       191       1743       1764
       192        968       1942
       193       1458       1972
       194       1303       1725
       195        856        867
       196       1399       1631
       197        944       1642
       198       1541       1685
       199        590       1976
       200        187       1033
       201        431        877
       202       1391       1439
       203        368       1716
       204        696       1666
       205       1479       1898
       206        955       1266
       207        489       1601
       208       1346       1353
       209        714       1353
       210       1386       1656
       211         92       2005
       212         66       1784
       213       1495       1515
       214        235       1782
       215        246       1906
       216       1984       1996
       217       1954       1957
       218        262       1952
       219       1005       1975
       220       1227       2000
       221       1128       1133
       222        349       1547
       223       1639       1694
       224       1438       1569
       225        882       1462
       226       1513       2005
       227         29       1517
       228        920        939
       229       1899       1902
       230        572       1546
       231        585       1590
       232        602       1638
       233       1414       1427
       234        809       1638
       235       1200       1800
       236       1010       2001
       237       1620       1717
       238       1463       1650
       239        109       1986
       240        372       1251
       241        812       1633
       242       1536       2005
       243       1308       1504
       244        131       1305
       245       1975       1982
       246         78       1765
       247       1820       1836
       248        531       1851
       249        540       1306
       250       1024       1033
       251        813       1634
       252       1264       1886
       253        643       1574
       254       1515       1521
       255       1825       1886
       256       1489       1492
       257        694        877
       258       1828       1976
       259       1894       1913
       260       1475       2000
       261       1652       2001
       262       1660       1662
       263       1117       1302
       264        387       1982
       265        477       1633
       266        192       1800
       267       1521       1728
       268       1899       1910
       269       1203       1763
       270       1765       1986
       271       1539       1636
       272        477       1800
       273       1823       1852
       274        626       1651
       275       1158       1961
       276       1400       1408
       277        621       1329
       278       1609       1942
       279       1254       1911
       280        572       1893
       281        518       1970
       282        524       1546
       283       1933       1935
       284        546       1667
       285       1177       2003
       286         94       1884
       287       1899       1915
       288        160       1857
       289       1423       1427
       290       1804       1818
       291        271       1640
       292       1921       1957
       293       1434       1564
       294       1029       1667
       295        849        939
       296       1884       1902
       297        319       1703
       298       1345       1782
       299       1059       1065
       300        469       1546
       301        217       1698
       302        523       1979
       303       1411       1800
       304       1767       1783
       305       1967       1982
       306       1537       1547
       307       1263       1961
       308        359       1193
       309       1660       1667
       310       1167       1406
       311        931       1857
       312       1179       1910
       313       1213       1638
       314        369       1667
       315       1555       1913
       316       1433       1982
       317       1139       1970
       318          9       1942
       319        674       1703
       320        839        887
       321       1839       1857
       322         92       1302
       323        765       1305
       324       1253       1514
       325        397       1059
       326        669        680
       327        832       2001
       328       1674       1694
       329        151       1123
       330       1442       1979
       331       1625       1633
       332       1204       1770
       333       1834       1836
       334       1581       1820
       335        357       1694
       336        824       1117
       337        278       1822
       338        319       1755
       339       1513       2005
       340         99       1915
       341       1603       2003
       342        872       1133
       343       1621       1638
       344        522       1381
       345       1180       1646
       346        166       1630
       347        613       1976
       348        647       1487
       349       1451       1859
       350       1486       1972
       351        233       1685
       352        812       1957
       353        921       1893
       354       1633       1866
       355       1540       1911
       356        138       1694
       357       1075       1274
       358       1199       1685
       359        306       1629
       360       1850       1858
       361       1290       1329
       362       1253       1857
       363        562       1688
       364       1780       1822
       365        629       1698
       366       1613       2001
       367       1348       1858
       368        782        877
       369       1322       1434
       370       1479       1921
       371       1428       1790
       372       1054       1836
       373       1887       1893
       374       1339       1631
       375       1135       2003
       376       1212       1400
       377        212       1640
       378       1712       1898
       379        392       1634
       380         78       1031
       381       1497       1515
       382       1491       1728
       383        508       1529
       384        515       1443
       385        793       1510
       386       1168       1884
       387       1660       1661
       388        691       1521
       389       1325       1961
       390       1422       1514
       391       1332       1942
       392         57       1913
       393       1159       1168
       394       1309       1952
       395        150       1725
       396       1384       1770
       397       1325       1427
       398        344       1972
       399        378       1117
       400        948       1403
       401       1017       1403
       402       1119       1957
       403       1272       1906
       404       1706       1728
       405        200       1910
       406       1964       1979
       407        943       1133
       408       1272       1274
       409       1844       1972
       410       1862       1865
       411         39       1982
       412       1030       1716
       413         11       1521
       414         38       1515
       415       1060       1362
       416        247       1898
       417       1339       1640
       418        259       1682
       419        324       2001
       420        563       1251
       421       1375       1488
       422        266       2005
       423        505        637
       424       1030       1049
       425        191       1427
       426        903       1650
       427        597       1521
       428        547       1902
       429       1513       1529
       430       1309       1908
       431       1192       1744
       432       1017       1682
       433        419       1820
       434         45       1957
       435       1048       1794
       436       1421       1884
       437       1152       1629
       438        109       1634
       439       1251       1666
       440        232       1976
       441        287       1981
       442       1772       1781
       443        146       1685
       444       1412       1661
       445       1363       1518
       446       1986       2000
       447       1010       1917
       448        718       1865
       449       1283       1302
       450       1533       1895
       451       1018       1790
       452       1500       1601
       453        169       1902
       454        285       1302
       455       1794       1808
       456       1024       1031
       457       1505       1764
       458        535       1518
       459        434       1910
       460       1301       1306
       461        275       1640
       462        583       1251
       463       1025       1574
       464       1069       1633
       465        339       1783
       466        234       1642
       467       2000       2010
       468       1461       1510
       469        688       1855
       470        843       1510
       471         43       1794
       472        268       1790
       473       1656       1666
       474        716       2003
       475       1839       1855
       476         55         64
       477        370       1630
       478        886        904
       479        154       1514
       480       1723       1728
       481       1536       1547
       482       1342       2003
       483       1141       1274
       484       1453       1462
       485        152       1487
       486        323       1590
       487        447       1547
       488       1690       1942
       489       1837       1852
       490        882       1986
       491         31       1666
       492         10       1427
       493        128       1902
       494       1288       1820
       495        932       1966
       496        245       1467
       497       1899       1911
       498       1805       1820
       499        985       1344
       500        856       1364
       501       1030       1661
       502        259       1492
       503        625       1781
       504        353       1590
       505          1       1168
       506        530       1590
       507        811       1682
       508        824       1855
       509        992       1915
       510         39       1979
       511        691       1487
       512        829       1584
       513       1224       1642
       514        491       1902
       515        424        867
       516       1678       1694
       517       1467       1886
       518       1501       1761
       519       1244       1569
       520       1647       1656
       521       1432       1443
       522        943       1362
       523       1597       1865
       524       1052       1059
       525        969       1935
       526        823       1976
       527       1011       1720
       528        424       1305
       529          0       1109
       530        371       1487
       531        597       2003
       532       1083       1707
       533         67       1902
       534       1503       1650
       535        842       2003
       536        533       1784
       537        688       1688
       538       1482       1716
       539        674       1517
       540       1254       1822
       541        502       1982
       542        811       1780
       543        171       1694
       544        569       1517
       545        820       1820
       546       1291       1656
       547       1694       1850
       548       1529       1735
       549       1528       1532
       550       1865       1895
       551       1196       1915
       552        771        887
       553       1329       1488
       554        367       1972
       555        656       1640
       556       1365       1378
       557       1142       1694
       558       1620       1629
       559       1267       1400
       560        900       1353
       561       1939       1942
       562       1835       1893
       563        614       1895
       564       1398       1884
       565        259       1510
       566       1240       1852
       567       1766       1770
       568        518       1763
       569       1158       1790
       570       1459       1462
       571       1761       1764
       572       1657       1698
       573         55         64
       574         34       1274
       575       1622       1642
       576       1088       1117
       577        390       1913
       578        155       1764
       579        975       1049
       580        371       1764
       581        441       1818
       582        603       1504
       583       1627       1630
       584       1373       1986
       585       1448       1728
       586        625       1900
       587       1665       1850
       588       1990       2003
       589       1626       1640
       590       1084       1117
       591       1792       1800
       592       1638       1656
       593       1114       1117
       594        476       1590
       595       1566       1569
       596       1570       1957
       597       1494       1514
       598       1132       1716
       599        564       1532
       600        714       1717
       601       1958       1976
       602       1667       1884
       603        923       1636
       604       1576       1728
       605        674        887
       606        588       1636
       607         39       1694
       608        396       2000
       609        660       1717
       610        220       2010
       611        474       1504
       612       1012       1660
       613        111       1982
       614       1300       1305
       615        687       1631
       616        175       1836
       617       1752       1756
       618       1336       1344
       619       1419       1439
       620       1378       1403
       621        663       1985
       622        883        903
       623       1331       1981
       624       1723       1725
       625        976       1851
       626       1356       1770
       627       1199       1353
       628        990       1629
       629        971       1682
       630       1470       1777
       631       1635       1640
       632        971       1510
       633       1330       1770
       634       1191       1193
       635        196       1631
       636        897       1765
       637       1359       1364
       638       1845       1852
       639       1176       1574
       640       1781       1782
       641       1259       1952
       642       1388       1403
       643       1620       1622
       644       1013       1844
       645        391       1594
       646        592       1820
       647       1205       1841
       648       1476       1985
       649        824       1251
       650        413       1547
       651        684       1123
       652        874       1987
       653        602       1717
       654        820       1443
       655       1529       1770
       656       1453       1465
       657        252       1820
       658        254       1777
       659       1916       1921
       660       1378       1388
       661        793       1427
       662        323       1033
       663       1461       1816
       664        753       1049
       665         20       1982
       666        365       1908
       667        875        877
       668       1681       1908
       669       1448       1467
       670        862       1975
       671       1334       1756
       672       1970       1981
       673       1416       1421
       674       1542       1981
       675        275       1408
       676        385       1906
       677       1262       1852
       678       1481       1487
       679        624       1364
       680        569       1975
       681       1876       1915
       682       1791       1794
       683        647       1388
       684        654       1770
       685        252       1362
       686       1060       1642
       687        354       1808
       688        524       1646
       689        229       1462
       690       1022       1364
       691       1935       1961
       692        510       1865
       693          3       1434
       694       1000       1515
       695        143       1594
       696        961       1667
       697       1746       1755
       698        319       1661
       699       1693       1981
       700        961       1408
       701          9       1457
       702        898       1857
       703        348       1656
       704        166       2003
       705       1177       1935
       706        938       1855
       707       1901       1915
       708       1390       1406
       709        467       1274
       710        816       1439
       711       1339       1841
       712       1913       1982
       713       1075       1364
       714        257       1952
       715       1586       1590
       716       1298       1921
       717       1171       2010
       718       1297       1546
       719       1620       1636
       720        180       1636
       721        568       1193
       722         32        953
       723       1971       1985
       724       1029       1515
       725       1505       1522
       726       1561       1564
       727       1438       1594
       728       1525       1970
       729        770       1886
       730        773       1850
       731       1642       1651
       732       1257       1266
       733        563       1915
       734        407       1574
       735        250       1532
       736        254       1764
       737        958       1850
       738        641       1661
       739        946       1193
       740        442       1982
       741        453       1396
       742        343       1630
       743       1775       1777
       744        459       1515
       745        810       1725
       746        461        904
       747         90       1661
       748        807       1898
       749       1131       1707
       750        742       1893
       751       1894       1895
       752       1249       1902
       753        893       1630
       754       1630       1634
       755        980       1251
       756       1298       1522
       757       1712       1716
       758        636       1123
       759        478       1059
       760        971       1781
       761       1500       1518
       762       1161       1650
       763       1238       1820
       764       1841       1851
       765       1237       1816
       766       1391       1492
       767       1381       1396
       768       1215       1634
       769        760       1836
       770       1648       1698
       771       1173       1744
       772       1753       1763
       773        112       1765
       774        339       1594
       775        495       1266
       776       1530       1546
       777       1204       1915
       778       1564       1569
       779        689       1858
       780        686       1640
       781        579       1851
       782        691       2003
       783       1771       1780
       784       1555       1574
       785       1504       1518
       786       1830       1841
       787       1895       1952
       788       1433       1780
       789        571       1646
       790        522       1979
       791        230       1306
       792       1427       1436
       793         74       1547
       794       1530       1594
       795        678       1633
       796       1857       1893
       797       1225       1770
       798       1141       1911
       799       1878       1898
       800        466       1850
       801       1720       1735
       802       1858       1859
       803        230       2003
       804        898       1915
       805       1799       1822
       806       1130       2001
       807       1752       1982
       808       1173       1462
       809       1501       1504
       810        193       1514
       811        126       1906
       812       1967       1987
       813       1586       1666
       814       1364       1408
       815        143       1836
       816         75       2003
       817        324       1972
       818       1745       1765
       819        388       1717
       820        735       1133
       821       1505       1510
       822        264        637
       823       1591       1884
       824        538       1780
       825       1683       1688
       826       1882       1886
       827        203       1274
       828       1047       1344
       829       1287       1396
       830       1989       2003
       831        893       1457
       832       1017       1396
       833        933        953
       834       1007       1987
       835       1998       2001
       836         42       1698
       837       1643       1651
       838       1753       1761
       839        938       1851
       840        168       1898
       841       1887       1906
       842        740       1515
       843       1363       1381
       844       1950       1952
       845        892       1622
       846        528       1406
       847        769       1698
       848        571       1694
       849        808       1935
       850       1278       1906
       851       1698       1703
       852       1372       1794
       853       1442       1630
       854        670       1594
       855       1347       1761
       856        395       1908
       857        184       1790
       858       1443       1855
       859        788       1421
       860        719       1688
       861         76       1305
       862       1779       1784
       863       1424       1852
       864       1045       1667
       865        902       1388
       866        561       1844
       867        506       1981
       868       1158       1987
       869       1658       1841
       870       1495       1698
       871        152       1728
       872       1518       1532
       873        979       1770
       874         54       1952
       875        726       1408
       876        726       1783
       877       1643       1650
       878       1574       1642
       879        856       1783
       880         76       1381
       881        773       1465
       882       1373       1467
       883       1004       1009
       884       1343       1865
       885        709       1067
       886       1972       1975
       887       1787       1790
       888       1333       1818
       889       1672       1685
       890        927       1329
       891        325       1972
       892       1438       1532
       893        969       1986
       894        390       1274
       895        472       1780
       896        705       1851
       897       1370       1902
       898        122       1818
       899       1647       1836
       900        493       1895
       901       1054       1569
       902       1446       1518
       903       1274       1291
       904       1212       1836
       905        644        904
       906       1806       1820
       907        230       1274
       908       1731       1744
       909       1782       1893
       910       1873       1884
       911        197       1996
       912       1835       1850
       913        399       1650
       914       1856       2005
       915        520       1661
       916        866       1522
       917       1321       1770
       918        495       1462
       919       1111       1850
       920       1411       1906
       921         15       1634
       922        566       1850
       923       1490       1521
       924        930       1720
       925       1216       1942
       926        700       1800
       927       1678       1744
       928       1068       1970
       929        246       1353
       930        105        877
       931       1513       1517
       932        409        637
       933        606       1790
       934        660       1790
       935       1138       1850
       936       1988       2003
       937       1425       1818
       938        979       1656
       939        445       1488
       940        413       1630
       941        168       1421
       942       1113       1921
       943        344       1764
       944       1579       1594
       945        573        587
       946       1077       1836
       947        306       1667
       948        198       1640
       949        619       1857
       950       1890       1908
       951       1417       1688
       952       1649       1816
       953        297       1970
       954        572       1902
       955        985       1439
       956       1232       1656
       957        253       1844
       958        203       1852
       959        296       1439
       960       1514       1915
       961        615       1728
       962       1640       1646
       963       1473       1820
       964        923       1465
       965       1214       1921
       966       1626       1987
       967         41       1716
       968       1124       1636
       969        315       1957
       970       1562       1911
       971        557       1996
       972       1111       1522
       973       1886       1900
       974       1519       1521
       975        112       1865
       976        961       1685
       977        444       1660
       978        374       1291
       979       1962       1972
       980        522       1913
       981       1806       1816
       982        252       1993
       983        137       1859
       984        427       1981
       985        238       1168
       986       1422       1725
       987       1273       1590
       988        994       1908
       989       1722       1982
       990        799       1434
       991        232       1780
       992        341       1522
       993        780       1996
       994        120       1942
       995       1629       1631
       996        545       1504
       997        292       1436
       998        700       1488
       999       1289       1532
